;Berlin;Hamburg;Munich;Cologne;Frankfurt am Main;Stuttgart;Düsseldorf;Leipzig;Dortmund;Essen;Bremen;Dresden;Hanover;Nuremberg;Duisburg;Bochum;Wuppertal;Bielefeld;Bonn;Münster;Karlsruhe;Mannheim;Augsburg;Wiesbaden;Mönchengladbach;Gelsenkirchen;Aachen;Braunschweig;Kiel;Chemnitz;Krefeld;Halle (Saale);Magdeburg;Freiburg im Breisgau;Oberhausen;Lübeck;Erfurt;Mainz;Rostock;Kassel;Hagen;Saarbrücken;Hamm;Mülheim an der Ruhr;Potsdam;Ludwigshafen am Rhein;Oldenburg;Leverkusen;Osnabrück;Solingen;Heidelberg;Herne;Neuss;Darmstadt;Paderborn;Regensburg;Ingolstadt;Würzburg;Fürth;Wolfsburg;Ulm;Heilbronn;Pforzheim;Göttingen;Bottrop;Trier;Recklinghausen;Reutlingen;Bremerhaven;Koblenz;Bergisch Gladbach;Jena;Erlangen;Remscheid;Moers;Siegen;Hildesheim;Salzgitter;Cottbus;Gütersloh;Kaiserslautern;Witten;Zwickau;Schwerin;Gera;Iserlohn;Ludwigsburg;Hanau;Esslingen am Neckar;Flensburg;Stralsund;Wilhelmshaven;Celle;Düren;Ratingen;Velbert;Marl;Lüneburg;Dessau-Roßlau;Konstanz
Berlin;0.0;255.25;504.42;477.26;423.53;511.62;477.2;149.1;421.45;453.35;315.6;165.0;249.41;378.02;470.53;438.96;451.47;335.89;478.11;398.26;525.43;482.63;494.3;450.02;500.64;446.4;540.8;197.27;295.76;191.09;485.49;150.34;128.71;639.22;461.78;234.88;236.35;455.65;195.18;300.78;426.83;578.53;393.16;462.92;27.19;484.48;355.43;468.67;364.4;460.55;479.72;436.45;483.69;442.97;329.51;400.53;440.04;387.22;378.2;177.68;517.82;477.11;522.03;262.3;456.62;563.44;436.04;537.31;341.86;469.23;464.1;216.82;366.21;451.82;479.02;413.37;237.67;212.71;105.93;349.11;523.24;431.2;209.94;182.47;204.14;410.88;500.11;409.27;509.67;363.14;200.09;370.76;224.94;513.91;469.61;455.51;441.83;216.49;109.54;617.0
Hamburg;255.25;0.0;612.43;356.46;392.99;533.98;338.31;294.02;283.83;308.22;94.98;376.89;131.85;461.9;321.28;297.05;319.81;195.58;369.96;238.01;517.22;464.02;579.51;404.52;357.14;299.63;407.78;146.99;86.28;362.6;337.38;264.61;193.25;635.55;311.46;57.46;293.93;413.47;150.73;251.32;297.23;522.38;255.33;316.29;242.74;465.45;126.49;344.19;192.37;331.43;470.67;291.68;344.1;419.32;220.14;525.37;541.29;418.08;458.2;136.23;572.65;493.19;525.86;223.54;306.23;481.83;286.68;565.31;93.35;391.49;344.87;311.32;446.06;325.07;326.24;326.41;155.28;157.45;354.16;212.72;482.75;294.64;358.15;93.36;329.61;287.37;520.48;387.77;536.8;142.68;219.02;124.39;103.41;388.0;329.02;317.36;287.73;43.73;243.51;655.62
Munich;504.42;612.43;0.0;456.27;304.59;190.72;487.6;360.84;477.69;493.72;583.62;359.43;489.51;151.05;504.09;486.27;471.03;484.59;434.43;510.46;253.12;273.24;57.02;325.33;501.3;495.29;493.87;465.74;695.52;314.65;505.59;374.84;443.17;278.29;504.06;640.25;319.36;318.85;663.4;384.25;465.37;358.24;476.95;498.01;484.75;273.92;605.25;461.28;524.91;467.99;255.35;490.58;490.22;288.13;446.77;104.88;71.15;219.19;155.42;480.09;121.66;207.12;228.72;397.13;503.16;403.21;497.95;180.23;636.69;380.76;451.72;310.46;167.03;462.91;512.2;398.4;461.68;455.2;448.12;477.68;316.03;476.8;294.75;611.75;307.03;455.39;195.39;293.74;180.89;754.94;694.37;645.6;510.19;472.93;489.02;482.42;506.6;574.32;414.47;186.6
Cologne;477.26;356.46;456.27;0.0;152.52;288.35;34.81;380.19;73.08;57.72;269.43;474.3;249.24;336.3;56.95;63.09;37.85;163.13;24.27;122.77;238.19;193.58;402.16;131.59;45.15;65.1;64.11;287.33;432.67;418.26;51.73;354.27;348.55;332.89;62.5;412.08;285.03;139.03;493.71;180.7;59.27;188.75;101.17;55.05;450.78;193.71;259.85;12.74;167.07;26.4;210.09;69.37;35.24;168.44;152.12;425.24;400.85;247.59;329.42;311.17;356.31;256.22;259.1;216.41;65.2;134.03;76.73;316.21;309.65;78.31;13.19;324.34;324.59;31.44;61.74;74.93;247.53;269.38;519.84;145.9;175.72;62.63;389.33;425.58;359.17;71.1;277.44;165.77;296.42;460.06;557.57;296.99;284.88;36.65;40.66;44.47;80.48;348.53;380.08;396.32
Frankfurt am Main;423.53;392.99;304.59;152.52;0.0;152.81;183.06;293.5;177.86;190.12;330.17;371.82;262.24;186.87;199.69;183.98;166.9;213.67;132.07;218.53;124.39;71.03;251.62;31.76;197.66;192.47;198.25;272.2;478.54;310.39;201.05;277.63;303.61;242.67;200.13;439.43;192.24;33.7;500.33;144.95;163.91;155.16;184.13;193.84;396.47;72.47;338.75;156.83;245.2;163.44;79.18;188.87;185.84;26.57;178.88;275.13;248.38;97.65;179.93;295.8;212.41;114.2;135.52;181.12;199.61;151.78;196.7;184.02;381.32;82.43;147.24;224.66;176.8;158.59;207.67;96.85;244.07;254.32;436.06;200.83;100.26;175.19;278.38;434.02;255.18;156.61;139.87;17.64;158.71;523.27;554.54;380.37;295.66;173.71;184.46;178.31;204.96;368.49;314.8;272.91
Stuttgart;511.62;533.98;190.72;288.35;152.81;0.0;322.43;364.82;328.09;335.76;479.27;412.57;402.18;157.01;342.29;331.92;311.66;364.79;264.56;370.94;62.49;94.78;133.97;160.08;331.44;339.5;314.52;399.85;620.25;352.13;339.96;361.85;410.16;131.39;344.67;575.48;278.99;151.33;624.65;282.88;313.16;167.59;336.61;337.73;486.33;94.7;490.37;296.15;397.81;305.73;78.62;337.36;323.57;127.92;328.65;214.99;164.37;125.99;152.79;420.99;72.38;40.85;38.01;311.91;345.14;214.13;345.5;31.66;531.37;210.05;287.12;294.9;160.81;302.79;348.92;247.75;379.7;383.92;493.58;352.81;127.86;324.06;321.29;561.96;312.79;307.77;13.53;151.3;9.83;669.4;671.51;532.06;432.38;297.33;326.04;322.83;353.21;504.51;403.97;122.08
Düsseldorf;477.2;338.31;487.6;34.81;183.06;322.43;0.0;389.55;57.59;30.26;248.04;486.06;240.15;363.56;23.0;41.75;26.45;150.67;59.07;100.56;272.91;227.71;434.1;164.38;23.63;38.85;69.71;283.09;411.29;432.12;18.0;361.88;349.05;367.17;30.52;394.91;298.35;172.23;479.85;188.49;50.4;221.57;87.58;23.67;451.25;227.9;234.58;26.51;146.2;21.61;243.99;46.71;6.51;200.73;147.86;452.51;430.53;275.78;356.75;306.08;389.75;289.56;293.66;220.81;34.61;164.61;51.82;350.58;284.82;112.52;35.95;338.02;351.18;29.68;26.94;95.83;242.47;265.92;526.41;134.2;210.48;46.94;404.4;412.3;373.08;66.67;311.31;195.05;330.36;434.91;545.1;269.93;274.7;51.31;9.31;22.21;52.52;334.25;384.45;431.09
Leipzig;149.1;294.02;360.84;380.19;293.5;364.82;389.55;0.0;340.75;372.1;310.8;100.35;214.86;229.12;389.39;357.94;363.13;275.64;374.76;334.64;383.56;344.98;346.67;323.02;412.92;367.02;443.87;163.67;364.53;68.61;401.94;33.03;100.86;494.09;382.35;303.05;101.64;327.02;306.64;201.05;340.9;447.47;317.59;381.26;126.13;346.85;346.9;374.44;315.18;369.7;339.73;357.39;395.69;309.12;253.61;259.39;294.0;242.57;229.16;162.36;368.73;331.98;377.88;171.78;377.91;442.03;359.64;389.52;354.75;353.13;367.73;71.39;217.13;360.85;398.85;307.93;189.36;166.85;143.21;282.84;389.86;348.39;69.57;263.62;55.28;324.26;353.78;277.41;362.32;430.88;333.59;376.55;212.12;415.72;383.79;370.13;367.3;250.51;56.12;468.05
Dortmund;421.45;283.83;477.69;73.08;177.86;328.09;57.59;340.75;0.0;32.07;196.38;439.12;182.56;343.2;49.48;17.6;35.99;93.23;90.03;50.93;286.6;236.14;427.08;168.63;80.09;26.27;126.59;226.24;359.6;387.87;64.03;311.66;293.91;391.74;41.68;339.83;254.94;177.82;423.23;141.47;16.29;254.96;30.02;41.61;395.81;236.78;188.25;60.56;94.1;47.6;250.19;16.81;64.01;200.66;92.09;431.01;415.78;259.67;336.67;248.94;390.25;291.28;304.32;169.54;37.16;204.63;21.46;358.27;237.58;128.91;62.53;294.47;329.4;41.69;58.56;81.01;185.51;209.38;474.56;76.62;231.44;10.94;361.88;355.45;329.4;22.5;315.77;185.34;334.89;387.89;488.08;226.65;217.15;104.5;49.05;35.4;30.4;277.68;331.52;443.88
Essen;453.35;308.22;493.72;57.72;190.12;335.76;30.26;372.1;32.07;0.0;217.78;470.07;212.78;363.86;17.44;14.47;24.19;122.66;80.09;70.34;289.72;241.83;441.59;175.83;49.98;8.6;99.58;257.74;381.03;418.03;32.3;343.29;325.93;388.96;11.19;364.93;284.67;184.44;450.45;172.0;32.84;246.34;60.61;9.57;427.76;242.23;204.73;45.56;116.0;32.52;257.17;17.47;35.88;210.54;124.12;452.39;434.01;278.02;357.18;280.19;400.84;300.88;309.19;201.25;9.49;191.5;21.58;364.96;254.9;128.7;52.11;324.32;350.66;33.17;26.76;95.69;216.96;241.07;506.49;106.77;230.11;23.75;391.48;383.11;359.33;48.75;324.04;199.98;343.19;405.13;516.01;240.66;246.75;81.31;20.95;13.7;23.02;304.89;363.55;448.0
Bremen;315.6;94.98;583.62;269.43;330.17;479.27;248.04;310.8;196.38;217.78;0.0;405.73;100.21;433.22;229.59;207.8;231.87;118.07;285.4;147.64;453.68;400.07;543.92;335.96;265.5;209.19;316.75;147.13;163.39;377.23;245.46;278.1;218.59;568.95;219.89;152.32;278.31;345.32;245.04;201.8;211.08;445.02;170.02;225.26;297.0;401.28;39.83;256.83;102.41;243.55;409.35;202.03;253.51;356.7;151.3;507.43;513.53;374.21;428.41;152.23;526.82;438.66;465.64;187.03;214.81;399.44;196.24;510.93;53.24;314.02;258.75;306.03;417.25;238.07;233.84;250.84;129.07;146.18;402.8;133.48;411.22;206.82;364.7;183.25;332.3;203.68;465.82;328.46;483.51;195.25;313.15;66.55;99.76;298.76;238.74;228.04;196.26;108.92;271.06;601.18
Dresden;165.0;376.89;359.43;474.3;371.82;412.57;486.06;100.35;439.12;470.07;405.73;0.0;312.78;259.53;487.22;456.08;459.8;375.99;466.79;434.77;443.44;412.87;361.17;402.96;509.17;465.35;537.2;259.58;437.82;62.3;499.21;132.65;188.15;543.94;480.53;375.04;189.51;405.43;355.89;298.15;438.34;520.53;416.87;479.07;156.06;414.72;443.09;469.46;415.44;465.69;404.3;455.85;492.05;383.0;353.4;254.85;303.11;302.38;262.22;254.08;399.19;386.21;433.04;271.22;476.25;523.37;458.46;432.22;446.55;439.67;462.24;150.97;252.6;456.92;496.78;400.48;288.42;264.96;88.7;383.04;461.76;446.32;94.7;328.31;117.45;421.77;403.61;354.63;407.97;505.74;365.03;470.33;306.03;508.98;480.77;467.35;466.31;333.31;135.49;499.67
Hanover;249.41;131.85;489.51;249.24;262.24;402.18;240.15;214.86;182.56;212.78;100.21;312.78;0.0;338.49;229.03;199.08;216.73;90.33;257.55;150.86;386.11;333.19;452.97;275.8;262.4;204.93;308.54;55.31;218.09;279.52;244.92;181.84;132.13;504.9;219.59;177.46;178.7;284.45;247.46;119.49;191.93;398.06;152.62;222.14;226.17;334.66;133.08;238.31;114.99;227.46;339.27;195.33;246.57;288.36;98.88;409.4;418.76;287.81;334.14;71.73;442.35;361.38;394.21;93.65;214.23;363.3;193.21;433.55;150.62;269.3;236.42;205.82;322.49;219.56;236.54;204.33;29.0;48.02;321.9;106.07;354.79;193.25;265.35;179.13;232.59;178.24;388.67;256.31;405.1;269.5;309.23;166.65;36.18;284.45;231.54;217.94;197.66;107.07;181.77;523.91
Nuremberg;378.02;461.9;151.05;336.3;186.87;157.01;363.56;229.12;343.2;363.86;433.22;259.53;338.49;0.0;376.63;354.31;343.18;337.93;317.7;369.85;200.3;188.68;120.98;215.3;380.94;363.9;385.12;315.58;545.58;201.69;381.17;235.97;299.23;287.02;374.8;491.48;170.46;212.08;520.74;235.84;332.96;296.45;337.74;369.65;355.18;190.18;456.07;338.52;379.49;342.51;173.99;357.74;367.35;180.73;300.53;88.98;80.36;89.28;6.94;330.94;141.38;139.6;184.02;246.39;372.97;321.61;364.36;173.46;486.16;269.25;329.02;168.02;16.0;336.02;385.57;268.85;310.63;304.5;344.1;332.59;240.55;344.22;173.37;465.71;173.9;320.73;150.28;171.48;151.06;604.25;557.27;495.95;359.35;360.24;363.11;354.2;373.27;424.47;277.81;241.93
Duisburg;470.53;321.28;504.09;56.95;199.69;342.29;23.0;389.39;49.48;17.44;229.59;487.22;229.03;376.63;0.0;31.89;33.48;138.74;80.98;83.48;294.08;247.79;451.29;183.14;35.92;24.24;87.26;274.67;392.39;434.9;16.24;360.67;343.24;389.8;9.84;378.26;301.41;191.36;464.86;189.09;49.2;244.55;77.5;8.15;445.01;248.07;214.17;46.75;128.94;36.68;263.7;34.12;26.11;218.81;141.45;465.38;445.54;289.92;369.89;296.96;408.67;308.5;314.38;218.65;15.19;187.52;35.98;370.9;264.48;133.1;55.31;341.09;363.74;41.2;9.67;107.79;233.89;258.13;523.93;123.21;232.5;41.01;408.14;397.8;376.12;65.56;330.91;210.57;350.02;414.21;530.78;248.61;262.62;72.76;16.49;22.5;33.55;319.42;380.98;452.39
Bochum;438.96;297.05;486.27;63.09;183.98;331.92;41.75;357.94;17.6;14.47;207.8;456.08;199.08;354.31;31.89;0.0;25.49;109.21;83.18;60.27;287.85;238.73;434.79;171.86;63.32;9.88;111.42;243.51;371.19;404.38;46.56;329.01;311.49;389.87;24.45;353.48;271.18;180.76;438.1;158.15;21.36;249.74;46.57;24.02;413.35;239.23;196.84;50.37;105.49;36.7;253.53;6.37;47.95;205.5;109.67;442.57;425.57;269.41;347.7;266.07;395.76;296.14;306.57;186.93;20.45;196.86;14.47;361.59;246.74;127.78;54.75;310.79;340.85;33.64;41.06;87.91;202.75;226.76;492.08;93.02;230.14;10.42;378.07;370.55;345.77;35.74;319.92;192.84;339.08;397.14;503.36;233.92;233.32;91.09;32.72;20.32;21.3;292.51;349.1;445.84
Wuppertal;451.47;319.81;471.03;37.85;166.9;311.66;26.45;363.13;35.99;24.19;231.87;459.8;216.73;343.18;33.48;25.49;0.0;128.44;57.81;84.93;265.57;217.66;418.51;151.81;50.02;29.43;91.81;258.16;395.21;406.14;40.38;335.42;323.16;365.59;33.31;375.81;272.39;160.36;458.89;162.08;24.98;224.44;65.38;26.98;425.42;218.05;222.02;25.12;129.47;11.68;233.06;31.85;32.75;186.79;122.56;431.95;412.14;256.46;336.43;281.41;377.02;276.98;285.0;194.41;33.49;171.39;39.63;340.8;271.8;104.63;29.36;312.08;330.33;9.0;42.46;74.32;217.69;240.75;499.97;111.49;206.35;25.19;378.65;391.0;347.14;40.6;299.99;177.36;319.14;422.21;523.48;259.34;251.8;68.63;21.41;11.41;44.73;313.41;358.11;423.84
Bielefeld;335.89;195.58;484.59;163.13;213.67;364.79;150.67;275.64;93.23;122.66;118.07;375.99;90.33;337.93;138.74;109.21;128.44;0.0;174.84;62.54;336.3;282.77;440.33;218.01;172.48;114.7;219.8;138.63;276.11;332.28;154.69;243.79;211.75;450.95;129.27;249.93;208.28;227.41;330.66;103.11;104.24;328.57;63.23;131.95;311.33;283.92;125.64;151.43;43.21;139.62;292.76;105.19;157.01;240.04;37.9;419.65;416.76;268.13;332.3;159.6;416.58;324.62;349.12;109.58;123.9;286.27;102.89;396.38;167.87;197.34;150.89;244.63;322.43;132.32;146.21;133.21;98.36;123.75;399.09;17.3;293.23;104.1;311.18;262.64;277.38;92.55;351.47;213.49;369.65;313.2;395.04;167.34;124.12;196.95;141.86;128.55;107.42;185.4;255.43;486.12
Bonn;478.11;369.96;434.43;24.27;132.07;264.56;59.07;374.76;90.03;80.09;285.4;466.79;257.55;317.7;80.98;83.18;57.81;174.84;0.0;140.88;213.95;169.78;379.9;109.17;67.34;86.77;71.47;292.04;448.06;409.42;75.88;350.24;349.57;309.22;85.96;424.76;277.29;116.17;503.95;178.41;74.52;166.64;115.49;78.51;451.34;169.87;278.27;34.75;183.66;47.62;186.48;89.55;59.33;146.31;158.93;406.45;380.28;228.57;310.78;316.27;332.97;233.01;234.97;215.93;88.21;114.6;97.43;292.2;327.59;54.7;28.45;316.06;306.55;49.61;86.0;66.85;253.18;273.72;515.92;157.56;151.54;80.56;379.71;435.62;350.54;82.6;253.79;146.35;272.72;477.85;566.74;316.35;293.59;43.91;64.55;66.45;102.22;359.54;378.21;372.06
Münster;398.26;238.01;510.46;122.77;218.53;370.94;100.56;334.64;50.93;70.34;147.64;434.77;150.86;369.85;83.48;60.27;84.93;62.54;140.88;0.0;333.02;281.29;462.14;213.68;119.22;61.73;169.8;201.0;311.0;388.28;99.69;303.46;274.23;440.79;73.64;294.86;259.49;223.09;381.55;146.81;66.95;305.74;34.43;78.29;373.82;282.08;137.41;110.05;45.68;96.53;294.25;54.41;106.2;243.02;82.25;455.53;445.73;291.26;363.66;221.45;429.99;332.73;349.49;164.37;68.34;255.44;48.76;401.75;186.95;178.35;113.06;297.69;355.15;91.88;89.21;123.86;160.87;186.28;460.98;51.93;280.41;60.45;365.16;314.73;331.64;65.26;358.21;223.35;377.15;337.35;447.73;175.74;182.42;151.12;91.25;80.44;49.99;236.26;317.19;488.96
Karlsruhe;525.43;517.22;253.12;238.19;124.39;62.49;272.91;383.56;286.6;289.72;453.68;443.44;386.11;200.3;294.08;287.85;265.57;336.3;213.95;333.02;0.0;53.63;196.27;119.71;279.23;294.48;257.43;392.36;602.88;381.5;289.81;375.3;414.3;119.47;297.66;562.87;289.12;110.22;620.32;267.6;270.84;105.61;299.48;290.42;499.11;52.4;460.16;247.35;364.81;258.23;47.75;293.71;273.24;97.93;302.6;269.68;222.56;142.06;194.79;415.16;134.34;60.7;24.78;301.59;298.82;152.25;302.0;82.04;504.16;161.15;238.9;312.2;199.91;256.57;299.8;209.47;366.81;375.08;519.55;322.47;67.68;281.08;349.47;555.1;335.44;268.08;58.81;130.1;72.31;647.41;671.77;501.52;418.92;242.58;277.61;276.28;309.02;491.78;416.04;158.34
Mannheim;482.63;464.02;273.24;193.58;71.03;94.78;227.71;344.98;236.14;241.83;400.07;412.87;333.19;188.68;247.79;238.73;217.66;282.77;169.78;281.29;53.63;0.0;216.75;67.66;236.75;245.94;222.1;341.37;549.56;350.57;245.21;333.59;367.46;171.72;250.46;510.26;246.9;58.35;569.58;215.29;220.74;109.88;247.42;243.43;455.93;1.88;406.9;201.49;311.89;211.33;17.89;244.36;228.8;44.87;248.97;269.07;229.79;112.31;182.24;364.57;164.13;66.22;68.25;250.31;251.14;134.94;252.59;123.17;450.64;115.27;192.54;273.87;184.05;208.73;254.27;157.43;314.54;323.79;484.49;269.1;52.08;231.34;318.17;503.78;300.28;216.8;84.18;78.41;102.99;593.79;622.39;448.34;366.39;203.46;231.48;228.71;260.02;439.25;373.12;207.83
Augsburg;494.3;579.51;57.02;402.16;251.62;133.97;434.1;346.67;427.08;441.59;543.92;361.17;452.97;120.98;451.29;434.79;418.51;440.33;379.9;462.14;196.27;216.75;0.0;270.74;447.03;443.58;438.02;434.28;664.09;309.69;452.09;355.98;420.19;230.26;451.71;611.19;290.85;263.9;641.7;342.58;414.17;301.56;428.2;445.46;472.62;217.37;563.19;407.67;479.41;414.93;198.86;439.35;436.47;233.72;402.43;113.65;58.72;172.31;123.23;450.65;67.3;150.54;171.98;359.5;451.06;346.2;446.91;125.67;597.16;325.83;398.15;288.6;135.82;410.21;459.16;346.91;426.06;422.17;449.18;432.21;259.02;425.57;285.36;586.5;291.49;404.99;138.38;241.97;124.16;721.19;677.46;604.13;476.32;417.62;435.93;429.92;455.43;543.29;397.36;149.6
Wiesbaden;450.02;404.52;325.33;131.59;31.76;160.08;164.38;323.02;168.63;175.83;335.96;402.96;275.8;215.3;183.14;171.86;151.81;218.01;109.17;213.68;119.71;67.66;270.74;0.0;176.31;179.44;171.26;291.1;489.12;341.71;182.26;305.9;327.86;233.01;184.98;453.19;221.46;9.5;518.25;162.69;153.39;129.17;179.92;178.17;422.87;68.41;340.85;137.88;245.19;146.47;81.69;177.35;166.28;37.24;186.01;302.69;272.69;126.72;208.38;315.2;225.55;125.36;135.91;200.83;185.25;120.42;185.52;189.8;385.6;55.72;128.54;254.97;206.09;143.02;190.28;89.88;260.17;272.79;465.93;203.57;79.23;164.15;309.78;451.12;286.05;149.14;148.22;49.4;167.38;530.66;574.38;382.09;310.44;148.3;167.15;163.07;193.16;382.81;341.99;275.49
Mönchengladbach;500.64;357.14;501.3;45.15;197.66;331.44;23.63;412.92;80.09;49.98;265.5;509.17;262.4;380.94;35.92;63.32;50.02;172.48;67.34;119.22;279.23;236.75;447.03;176.31;0.0;58.3;51.59;306.17;428.2;454.86;20.2;385.39;372.57;367.85;45.7;414.07;321.11;183.48;500.26;211.88;73.96;219.32;109.82;41.14;474.74;236.77;249.48;42.93;164.78;43.56;253.63;67.4;17.28;213.32;171.2;469.91;445.98;292.44;374.07;329.0;400.24;300.33;300.98;244.43;50.91;159.67;70.98;358.6;299.79;121.99;52.16;360.74;369.01;52.26;32.71;115.71;265.49;289.12;550.0;156.33;214.6;69.76;426.87;433.01;395.78;90.29;320.88;210.79;339.74;449.18;565.94;283.11;296.6;41.96;31.13;45.17;69.43;354.73;408.08;436.59
Gelsenkirchen;446.4;299.63;495.29;65.1;192.47;339.5;38.85;367.02;26.27;8.6;209.19;465.35;204.93;363.9;24.24;9.88;29.43;114.7;86.77;61.73;294.48;245.94;443.58;179.44;58.3;0.0;108.16;250.44;372.46;413.89;39.99;337.91;319.24;395.01;15.54;356.35;280.79;188.21;442.01;167.57;31.07;253.32;53.29;17.28;420.92;246.4;196.38;52.67;107.4;39.22;261.0;9.96;44.48;213.56;117.57;452.21;434.88;278.75;357.27;272.72;403.89;304.1;313.57;195.78;10.9;199.1;12.98;368.96;246.52;133.8;58.46;320.38;350.49;38.32;32.7;96.89;209.66;233.94;500.64;99.03;235.74;20.3;387.7;374.71;355.34;45.59;327.62;201.7;346.79;396.78;507.64;232.54;238.71;89.81;29.54;20.63;15.46;296.46;357.48;452.65
Aachen;540.8;407.78;493.87;64.11;198.25;314.52;69.71;443.87;126.59;99.58;316.75;537.2;308.54;385.12;87.26;111.42;91.81;219.8;71.47;169.8;257.43;222.1;438.02;171.26;51.59;108.16;0.0;349.3;479.65;480.38;71.79;418.25;412.14;333.89;96.89;464.5;347.72;176.33;549.51;244.78;116.7;182.74;156.57;91.58;514.42;221.71;301.06;72.15;215.48;81.36;239.84;116.39;63.73;208.04;213.61;473.3;443.76;295.86;378.18;372.8;385.75;288.04;280.86;280.44;101.94;120.61;121.1;339.05;351.37;116.03;77.07;386.76;374.75;89.7;84.17;136.74;309.05;331.63;583.87;203.05;190.11;115.7;450.9;481.89;421.4;131.33;305.37;213.91;323.5;500.67;614.61;334.43;343.51;28.22;78.91;91.44;120.5;403.91;444.17;410.95
Braunschweig;197.27;146.99;465.74;287.33;272.2;399.85;283.09;163.67;226.24;257.74;147.13;259.58;55.31;315.58;274.67;243.51;258.16;138.63;292.04;201.0;392.36;341.37;434.28;291.1;306.17;250.44;349.3;0.0;230.01;230.4;290.03;131.02;76.82;511.81;265.66;177.85;146.95;298.88;228.22;128.42;233.21;418.32;197.18;267.28;172.97;343.01;183.63;277.51;168.7;268.04;344.66;240.56;289.6;296.89;135.7;378.62;394.59;278.4;312.12;24.57;431.78;359.74;397.1;91.12;260.41;390.42;239.62;430.36;192.33;294.74;274.19;166.27;299.85;259.61;282.86;232.23;40.78;18.67;266.62;152.19;370.02;236.41;219.66;162.86;188.45;218.01;386.56;262.97;401.45;289.67;283.35;213.02;49.62;323.61;275.04;261.05;245.06;109.01;126.91;519.57
Kiel;295.76;86.28;695.52;432.67;478.54;620.25;411.29;364.53;359.6;381.03;163.39;437.82;218.09;545.58;392.39;371.19;395.21;276.11;448.06;311.0;602.88;549.56;664.09;489.12;428.2;372.46;479.65;230.01;0.0;432.16;408.07;337.75;264.62;720.89;382.76;62.79;376.22;498.18;131.06;337.54;374.04;604.59;332.58;388.33;290.29;550.95;181.55;420.11;265.77;406.88;556.53;365.4;416.67;504.95;303.64;605.93;624.39;504.07;542.13;215.87;658.59;579.46;611.88;309.65;377.77;561.49;359.52;651.58;133.35;473.37;421.8;390.37;529.85;401.27;396.16;408.76;241.38;242.07;400.74;292.8;566.82;370.11;431.66;113.3;405.38;365.78;606.75;473.69;623.08;68.08;191.92;159.48;189.13;462.11;401.99;391.42;359.26;121.19;310.56;741.9
Chemnitz;191.09;362.6;314.65;418.26;310.39;352.13;432.12;68.61;387.87;418.03;377.23;62.3;279.52;201.69;434.9;404.38;406.14;332.28;409.42;388.28;381.5;350.57;309.69;341.71;454.86;413.89;480.38;230.4;432.16;0.0;446.08;99.73;169.38;483.5;428.77;370.27;133.77;343.92;367.25;246.42;385.73;458.33;367.55;426.76;174.06;352.42;412.4;414.18;373.58;411.3;342.05;404.68;437.92;321.0;306.08;210.11;253.09;240.2;203.75;230.56;342.71;324.72;371.56;223.99;424.75;462.11;407.93;372.85;422.34;379.96;406.56;94.12;193.43;402.65;444.54;343.76;252.69;231.76;142.45;337.36;399.54;394.36;32.42;328.9;59.12;369.36;342.79;293.09;347.9;498.86;387.25;443.37;279.45;452.21;427.37;414.31;416.11;319.05;121.76;443.37
Krefeld;485.49;337.38;505.59;51.73;201.05;339.96;18.0;401.94;64.03;32.3;245.46;499.21;244.92;381.17;16.24;46.56;40.38;154.69;75.88;99.69;289.81;245.21;452.09;182.26;20.2;39.99;71.79;290.03;408.07;446.08;0.0;373.66;357.9;382.21;26.07;394.41;312.38;190.04;481.1;201.12;61.05;235.18;92.91;22.81;459.83;245.36;229.28;44.44;145.09;38.69;261.6;49.65;16.58;218.68;156.09;470.1;448.44;293.55;374.37;312.49;407.53;307.36;310.82;231.92;31.43;176.72;52.13;367.93;279.59;129.94;53.94;352.07;368.69;45.82;12.85;112.94;249.26;273.32;537.48;138.97;226.67;54.59;418.8;414.04;387.14;77.7;328.94;212.98;347.96;429.03;547.02;263.04;278.67;59.9;18.97;31.86;49.72;335.67;394.87;447.84
Halle (Saale);150.34;264.61;374.84;354.27;277.63;361.85;361.88;33.03;311.66;343.29;278.1;132.65;181.84;235.97;360.67;329.01;335.42;243.79;350.24;303.46;375.3;333.59;355.98;305.9;385.39;337.91;418.25;131.02;337.75;99.73;373.66;0.0;73.2;488.91;353.33;277.19;86.69;310.65;288.74;173.87;312.63;432.66;287.63;352.57;124.56;335.45;314.0;347.9;282.83;342.49;329.95;328.17;368.11;295.33;223.12;276.31;306.06;236.97;235.05;131.0;372.25;326.86;371.69;142.14;348.76;423.18;330.07;388.19;322.65;332.06;341.59;68.66;222.59;333.6;370.03;283.45;156.36;133.82;165.7;251.56;376.07;319.67;93.97;240.88;69.38;295.98;350.14;262.38;360.23;403.27;321.48;344.02;179.81;390.24;355.77;341.96;337.53;221.44;42.47;469.96
Magdeburg;128.71;193.25;443.17;348.55;303.61;410.16;349.05;100.86;293.91;325.93;218.59;188.15;132.13;299.23;343.24;311.49;323.16;211.75;349.57;274.23;414.3;367.46;420.19;327.86;372.57;319.24;412.14;76.82;264.62;169.38;357.9;73.2;0.0;531.86;334.72;204.0;132.87;334.28;221.51;173.09;298.65;457.02;266.24;335.5;102.31;369.25;256.86;340.02;244.63;332.07;367.08;309.28;355.54;325.29;201.82;347.11;373.22;284.29;297.34;66.37;429.67;372.36;414.51;134.1;329.66;437.76;309.35;438.64;258.41;342.71;335.39;132.73;284.71;323.31;351.94;285.27;114.01;88.4;189.81;223.61;403.86;303.42;167.04;169.14;141.81;282.56;397.6;290.91;409.93;330.42;261.9;282.42;118.94;385.2;341.65;327.53;315.57;149.68;52.7;524.26
Freiburg im Breisgau;639.22;635.55;278.29;332.89;242.67;131.39;367.17;494.09;391.74;388.96;568.95;543.94;504.9;287.02;389.8;389.87;365.59;450.95;309.22;440.79;119.47;171.72;230.26;233.01;367.85;395.01;333.89;511.81;720.89;483.5;382.21;488.91;531.86;0.0;395.17;681.96;403.95;223.67;739.7;386.84;375.5;151.35;408.63;387.72;613.39;170.23;572.64;343.96;476.24;356.47;167.15;396.09;365.97;216.57;418.8;333.4;278.04;252.05;283.26;534.54;165.17;162.22;117.55;421.05;397.35;213.7;404.33;114.77;618.26;262.83;336.85;423.37;291.85;356.75;393.73;320.05;486.09;494.55;624.77;436.23;160.39;384.66;452.56;674.57;443.08;375.61;141.01;249.44;136.2;763.64;790.6;613.48;538.06;327.03;373.55;375.25;410.27;610.93;530.48;105.57
Oberhausen;461.78;311.46;504.06;62.5;200.13;344.67;30.52;382.35;41.68;11.19;219.89;480.53;219.59;374.8;9.84;24.45;33.31;129.27;85.96;73.64;297.66;250.46;451.71;184.98;45.7;15.54;96.89;265.66;382.76;428.77;26.07;353.33;334.72;395.17;0.0;368.43;295.5;193.44;455.03;182.59;43.97;251.04;68.62;7.45;436.35;250.81;204.87;51.24;119.11;39.43;266.06;25.48;34.7;220.09;133.09;463.38;444.68;288.75;368.11;287.8;410.29;310.22;317.51;211.22;5.4;194.85;26.39;373.63;255.17;136.51;58.93;335.13;361.66;41.97;17.24;106.38;224.87;249.26;516.16;113.93;237.06;34.44;402.35;387.99;370.12;59.68;333.09;210.33;352.23;405.04;520.98;239.69;253.04;81.44;22.24;21.94;23.73;309.61;373.02;456.0
Lübeck;234.88;57.46;640.25;412.08;439.43;575.48;394.91;303.05;339.83;364.93;152.32;375.04;177.46;491.48;378.26;353.48;375.81;249.93;424.76;294.86;562.87;510.26;611.19;453.19;414.07;356.35;464.5;177.85;62.79;370.27;394.41;277.19;204.0;681.96;368.43;0.0;321.16;461.88;95.75;295.32;352.82;573.91;310.93;373.13;228.16;511.76;182.12;399.95;249.32;387.38;515.71;348.22;400.78;465.39;271.64;548.34;569.3;455.82;488.41;160.57;609.56;534.96;569.96;263.6;363.17;535.47;343.43;606.4;143.26;443.7;400.26;332.42;475.97;380.79;383.38;378.43;196.37;192.21;339.13;267.2;532.06;350.7;370.84;53.49;345.53;342.31;562.06;432.81;577.61;130.82;163.81;173.94;143.97;444.22;385.64;373.75;344.71;71.16;248.54;696.17
Erfurt;236.35;293.93;319.36;285.03;192.24;278.99;298.35;101.64;254.94;284.67;278.31;189.51;178.7;170.46;301.41;271.18;272.39;208.28;277.29;259.49;289.12;246.9;290.85;221.46;321.11;280.79;347.72;146.95;376.22;133.77;312.38;86.69;132.87;403.95;295.5;321.16;0.0;225.63;353.02;114.11;252.21;346.82;236.12;293.29;210.0;248.76;307.61;280.61;251.2;277.55;243.42;271.74;304.16;208.98;177.66;232.2;248.29;153.09;167.67;160.76;296.91;242.5;286.45;99.19;291.61;340.41;275.37;306.7;329.32;252.32;273.14;39.7;155.13;268.89;311.07;210.98;149.71;138.22;244.78;210.4;289.79;261.06;106.95;295.82;74.76;235.93;266.79;176.49;278.19;436.61;394.67;344.18;193.46;319.5;293.64;280.64;283.74;255.04;126.93;391.52
Mainz;455.65;413.47;318.85;139.03;33.7;151.33;172.23;327.02;177.82;184.44;345.32;405.43;284.45;212.08;191.36;180.76;160.36;227.41;116.17;223.09;110.22;58.35;263.9;9.5;183.48;188.21;176.33;298.88;498.18;343.92;190.04;310.65;334.28;223.67;193.44;461.88;225.63;0.0;526.31;170.54;162.48;122.96;189.37;186.56;428.54;59.06;350.34;145.76;254.69;154.71;72.79;186.3;173.93;31.84;195.23;298.83;267.44;124.25;205.18;322.89;217.52;117.33;126.59;208.35;193.83;118.51;194.5;180.83;395.04;61.94;136.51;258.34;203.44;151.51;198.34;99.33;268.44;280.64;469.68;213.03;71.14;173.17;311.84;459.31;288.86;158.47;139.65;50.83;158.79;539.97;582.06;391.58;318.94;154.19;175.27;171.56;202.06;391.41;347.29;266.18
Rostock;195.18;150.73;663.4;493.71;500.33;624.65;479.85;306.64;423.23;450.45;245.04;355.89;247.46;520.74;464.86;438.1;458.89;330.66;503.95;381.55;620.32;569.58;641.7;518.25;500.26;442.01;549.51;228.22;131.06;367.25;481.1;288.74;221.51;739.7;455.03;95.75;353.02;526.31;0.0;355.87;434.89;643.78;393.51;459.13;199.83;571.22;277.04;482.09;336.82;470.2;572.58;433.29;485.97;525.11;346.15;564.76;594.04;500.3;518.83;205.16;649.61;585.26;624.25;319.33;449.67;610.74;429.28;654.38;238.97;516.41;481.3;353.65;506.2;462.97;470.74;451.67;258.49;246.02;299.8;347.83;597.42;434.17;376.09;68.38;357.53;422.78;611.6;491.17;625.44;188.38;68.31;269.54;211.3;527.5;470.73;458.1;431.51;145.6;250.86;742.04
Kassel;300.78;251.32;384.25;180.7;144.95;282.88;188.49;201.05;141.47;172.0;201.8;298.15;119.49;235.84;189.09;158.15;162.08;103.11;178.41;146.81;267.6;215.29;342.58;162.69;211.88;167.57;244.78;128.42;337.54;246.42;201.12;173.87;173.09;386.84;182.59;295.32;114.11;170.54;355.87;0.0;140.19;290.2;122.04;180.94;273.8;216.85;221.05;174.05;145.84;168.75;220.38;158.28;194.63;170.45;67.36;316.57;315.37;172.45;230.43;152.59;325.79;242.05;274.91;39.5;178.45;265.61;161.54;314.33;255.0;170.07;167.89;153.34;220.16;159.87;198.67;112.7;99.26;110.11;339.23;100.73;241.68;148.26;220.94;289.19;188.12;123.61;269.36;137.5;286.04;387.08;411.74;261.68;151.36;216.94;182.82;169.28;169.8;224.2;199.85;404.78
Hagen;426.83;297.23;465.37;59.27;163.91;313.16;50.4;340.9;16.29;32.84;211.08;438.34;191.93;332.96;49.2;21.36;24.98;104.24;74.52;66.95;270.84;220.74;414.17;153.39;73.96;31.07;116.7;233.21;374.04;385.73;61.05;312.63;298.65;375.5;43.97;352.82;252.21;162.48;434.89;140.19;0.0;238.81;41.9;41.09;400.86;221.33;204.04;47.25;109.14;35.55;235.05;25.21;56.89;186.09;97.67;421.21;404.38;248.2;326.35;256.44;376.08;276.77;288.84;171.03;40.94;189.06;32.81;343.16;253.16;112.67;47.78;291.89;319.49;28.09;58.86;67.3;192.72;215.85;476.66;87.13;215.23;11.43;358.94;366.88;326.93;16.65;300.97;172.21;320.11;403.36;499.17;242.69;227.13;92.79;43.34;29.36;41.27;289.55;334.35;428.35
Saarbrücken;578.53;522.38;358.24;188.75;155.16;167.59;221.57;447.47;254.96;246.34;445.02;520.53;398.06;296.45;244.55;249.74;224.44;328.57;166.64;305.74;105.61;109.88;301.56;129.17;219.32;253.32;182.74;418.32;604.59;458.33;235.18;432.66;457.02;151.35;251.04;573.91;346.82;122.96;643.78;290.2;238.81;0.0;276.74;243.64;551.43;108.15;442.23;200.79;345.97;214.11;122.71;256.11;219.49;138.51;302.44;372.22;327.28;222.04;290.26;442.66;237.99;161.25;129.59;329.02;253.94;62.35;264.05;181.66;490.51;131.24;195.08;377.45;293.0;216.1;247.3;195.99;385.32;399.8;589.12;312.15;58.86;246.34;425.93;576.0;406.02;242.69;164.36;170.34;177.4;639.77;701.56;481.42;433.67;177.72;228.89;232.84;268.78;504.81;469.95;236.48
Hamm;393.16;255.33;476.95;101.17;184.13;336.61;87.58;317.59;30.02;60.61;170.02;416.87;152.62;337.74;77.5;46.57;65.38;63.23;115.49;34.43;299.48;247.42;428.2;179.92;109.82;53.29;156.57;197.18;332.58;367.55;92.91;287.63;266.24;408.63;68.62;310.93;236.12;189.37;393.51;122.04;41.9;276.74;0.0;70.12;367.76;248.26;165.64;89.05;69.24;76.74;260.13;43.38;93.97;208.72;65.15;424.19;412.82;257.8;331.44;219.58;395.57;298.32;315.56;145.82;63.47;229.44;43.17;367.48;213.8;147.3;89.57;275.18;323.28;69.88;85.86;90.04;156.4;180.66;448.98;46.62;248.43;40.87;342.82;325.64;309.76;34.05;323.85;188.95;342.78;363.48;458.19;205.54;187.13;134.0;78.92;65.4;50.01;248.04;305.46;454.93
Mülheim an der Ruhr;462.92;316.29;498.01;55.05;193.84;337.73;23.67;381.26;41.61;9.57;225.26;479.07;222.14;369.65;8.15;24.02;26.98;131.95;78.51;78.29;290.42;243.43;445.46;178.17;41.14;17.28;91.58;267.28;388.33;426.76;22.81;352.57;335.5;387.72;7.45;373.13;293.29;186.56;459.13;180.94;41.09;243.64;70.12;0.0;437.34;243.76;211.05;43.8;123.93;32.2;259.11;26.84;28.43;213.48;133.68;458.32;439.01;283.23;362.93;289.7;403.59;303.48;310.37;210.58;10.93;187.6;29.84;366.59;261.32;129.27;51.6;332.96;356.65;35.33;17.78;100.92;226.5;250.64;515.91;116.17;229.67;32.9;400.02;391.89;367.99;57.41;326.2;204.33;345.33;411.34;524.84;246.26;255.98;74.92;14.99;15.61;29.12;313.6;373.02;448.76
Potsdam;27.19;242.74;484.75;450.78;396.47;486.33;451.25;126.13;395.81;427.76;297.0;156.06;226.17;355.18;445.01;413.35;425.42;311.33;451.34;373.82;499.11;455.93;472.62;422.87;474.74;420.92;514.42;172.97;290.29;174.06;459.83;124.56;102.31;613.39;436.35;228.16;210.0;428.54;199.83;273.8;400.86;551.43;367.76;437.34;0.0;457.78;336.79;442.32;341.05;434.37;453.23;410.96;457.74;416.06;303.76;381.59;419.24;361.52;355.09;154.56;494.22;451.39;496.08;235.46;431.23;536.26;410.74;512.39;326.26;442.09;437.63;191.92;342.95;425.62;453.59;386.44;212.98;187.75;111.75;324.16;496.25;405.45;190.04;177.59;181.41;384.82;474.68;382.29;484.57;358.24;213.33;354.37;203.59;487.43;443.77;429.66;416.7;202.09;83.07;592.96
Ludwigshafen am Rhein;484.48;465.45;273.92;193.71;72.47;94.7;227.9;346.85;236.78;242.23;401.28;414.72;334.66;190.18;248.07;239.23;218.05;283.92;169.87;282.08;52.4;1.88;217.37;68.41;236.77;246.4;221.71;343.01;550.95;352.42;245.36;335.45;369.25;170.23;250.81;511.76;248.76;59.06;571.22;216.85;221.33;108.15;248.26;243.76;457.78;0.0;407.97;201.72;312.87;211.64;18.61;244.89;228.94;46.4;250.22;270.36;230.84;114.08;183.76;366.23;164.35;66.83;67.55;251.94;251.52;133.74;253.13;122.84;451.79;115.42;192.8;275.75;185.64;209.11;254.5;158.25;316.09;325.41;486.37;270.19;50.48;231.9;320.02;505.4;302.15;217.53;84.28;80.06;103.01;595.07;624.1;449.38;367.91;203.25;231.74;229.08;260.52;440.77;374.97;207.14
Oldenburg;355.43;126.49;605.25;259.85;338.75;490.37;234.58;346.9;188.25;204.73;39.83;443.09;133.08;456.07;214.17;196.84;222.02;125.64;278.27;137.41;460.16;406.9;563.19;340.85;249.48;196.38;301.06;183.63;181.55;412.4;229.28;314.0;256.86;572.64;204.87;182.12;307.61;350.34;277.04;221.05;204.04;442.23;165.64;211.05;336.79;407.97;0.0;247.12;96.69;233.48;417.61;190.66;239.44;364.94;162.63;533.33;536.03;391.69;450.9;190.62;541.82;450.25;473.91;212.34;200.21;392.84;183.81;521.93;50.31;312.83;250.45;337.6;440.22;229.23;216.94;252.6;160.98;180.64;442.22;137.95;413.07;197.84;398.35;218.26;365.43;199.63;477.06;339.08;495.28;200.41;345.35;41.7;137.94;285.89;225.43;216.42;182.06;146.79;309.06;611.52
Leverkusen;468.67;344.19;461.28;12.74;156.83;296.15;26.51;374.44;60.56;45.56;256.83;469.46;238.31;338.52;46.75;50.37;25.12;151.43;34.75;110.05;247.35;201.49;407.67;137.88;42.93;52.67;72.15;277.51;420.11;414.18;44.44;347.9;340.02;343.96;51.24;399.95;280.61;145.76;482.09;174.05;47.25;200.79;89.05;43.8;442.32;201.72;247.12;0.0;154.45;13.68;217.65;56.66;29.06;174.24;141.96;427.49;404.64;250.33;331.67;301.18;363.28;263.09;267.77;208.79;53.48;146.63;64.09;324.48;296.91;86.48;9.6;320.11;326.41;19.17;52.78;72.92;237.46;259.72;513.24;134.26;185.95;50.01;385.7;414.03;355.06;60.1;284.96;169.16;304.02;447.32;546.21;284.28;273.79;46.23;30.26;32.08;68.1;336.78;372.7;405.65
Osnabrück;364.4;192.37;524.91;167.07;245.2;397.81;146.2;315.18;94.1;116.0;102.41;415.44;114.99;379.49;128.94;105.49;129.47;43.21;183.66;45.68;364.81;311.89;479.41;245.19;164.78;107.4;215.48;168.7;265.77;373.58;145.09;282.83;244.63;476.24;119.11;249.32;251.2;254.69;336.82;145.84;109.14;345.97;69.24;123.93;341.05;312.87;96.69;154.45;0.0;141.14;323.35;99.83;151.87;270.96;79.09;462.07;457.78;307.12;373.72;186.72;452.71;358.32;379.45;152.22;113.86;298.1;94.43;429.16;144.57;216.19;156.59;287.12;364.13;135.77;134.21;156.25;130.9;156.41;433.92;47.25;316.46;104.44;353.3;270.5;319.47;103.29;384.69;247.2;403.27;294.41;403.43;137.24;142.96;196.55;136.89;125.78;95.38;191.99;291.17;518.0
Solingen;460.55;331.43;467.99;26.4;163.44;305.73;21.61;369.7;47.6;32.52;243.55;465.69;227.46;342.51;36.68;36.7;11.68;139.62;47.62;96.53;258.23;211.33;414.93;146.47;43.56;39.22;81.36;268.04;406.88;411.3;38.69;342.49;332.07;356.47;39.43;387.38;277.55;154.71;470.2;168.75;35.55;214.11;76.74;32.2;434.37;211.64;233.48;13.68;141.14;0.0;227.12;42.98;26.78;182.19;132.35;431.42;410.16;255.02;335.71;291.47;372.0;271.83;278.18;202.18;40.99;160.29;50.43;334.47;283.32;97.08;19.64;317.19;330.0;8.89;44.23;74.33;227.72;250.48;507.43;122.59;197.84;36.85;383.36;402.25;352.22;50.04;294.29;174.82;313.4;433.73;534.64;270.6;262.68;57.32;21.03;18.84;54.68;324.76;366.09;416.57
Heidelberg;479.72;470.67;255.35;210.09;79.18;78.62;243.99;339.73;250.19;257.17;409.35;404.3;339.27;173.99;263.7;253.53;233.06;292.76;186.48;294.25;47.75;17.89;198.86;81.69;253.63;261.0;239.84;344.66;556.53;342.05;261.6;329.95;367.08;167.15;266.06;515.71;243.42;72.79;572.58;220.38;235.05;122.71;260.13;259.11;453.23;18.61;417.61;217.65;323.35;227.12;0.0;259.04;245.27;52.73;258.05;252.76;212.48;102.12;167.7;367.42;146.79;48.35;56.35;253.96;266.54;151.86;267.21;108.12;460.48;131.82;208.57;268.38;170.29;224.18;270.4;170.5;319.49;327.43;477.79;279.66;66.94;245.83;309.73;507.43;293.38;230.31;67.35;82.97;86.38;602.2;624.08;459.17;371.74;220.9;247.47;244.21;274.83;444.58;370.21;194.87
Herne;436.45;291.68;490.58;69.37;188.87;337.36;46.71;357.39;16.81;17.47;202.03;455.85;195.33;357.74;34.12;6.37;31.85;105.19;89.55;54.41;293.71;244.36;439.35;177.35;67.4;9.96;116.39;240.56;365.4;404.68;49.65;328.17;309.28;396.09;25.48;348.22;271.74;186.3;433.29;158.28;25.21;256.11;43.38;26.84;410.96;244.89;190.66;56.66;99.83;42.98;259.04;0.0;52.71;210.69;107.61;445.84;429.49;273.31;351.16;262.9;400.86;301.36;312.28;186.04;20.63;203.2;8.3;367.13;240.61;133.86;61.12;311.28;344.15;40.01;42.67;92.45;199.77;224.02;490.77;89.33;236.28;13.78;378.68;365.86;346.2;37.7;325.3;197.38;344.45;390.99;498.73;227.62;229.28;96.74;37.49;26.03;16.1;287.7;347.57;451.62
Neuss;483.69;344.1;490.22;35.24;185.84;323.57;6.51;395.69;64.01;35.88;253.51;492.05;246.57;367.35;26.11;47.95;32.75;157.01;59.33;106.2;273.24;228.8;436.47;166.28;17.28;44.48;63.73;289.6;416.67;437.92;16.58;368.11;355.54;365.97;34.7;400.78;304.16;173.93;485.97;194.63;56.89;219.49;93.97;28.43;457.74;228.94;239.44;29.06;151.87;26.78;245.27;52.71;0.0;202.89;154.37;456.32;433.69;279.3;360.52;312.58;391.36;291.22;294.29;227.15;39.24;161.75;57.45;351.44;289.72;113.53;38.65;343.81;355.12;35.28;27.85;100.36;248.98;272.43;532.72;140.59;210.12;53.4;410.08;418.48;378.86;73.11;312.62;198.22;331.62;439.69;551.3;274.39;281.07;46.76;15.24;28.66;57.53;340.38;390.83;431.26
Darmstadt;442.97;419.32;288.13;168.44;26.57;127.92;200.73;309.12;200.66;210.54;356.7;383.0;288.36;180.73;218.81;205.5;186.79;240.04;146.31;243.02;97.93;44.87;233.72;37.24;213.32;213.56;208.04;296.89;504.95;321.0;218.68;295.33;325.29;216.57;220.09;465.39;208.98;31.84;525.11;170.45;186.09;138.51;208.72;213.48;416.06;46.4;364.94;174.24;270.96;182.19;52.73;210.69;202.89;0.0;205.41;267.11;235.72;93.84;173.85;320.24;190.34;90.69;109.08;205.79;220.01;145.16;218.7;158.78;407.76;92.92;164.79;238.95;172.56;178.17;226.27;119.96;269.7;279.2;450.61;226.99;80.82;197.18;288.67;459.14;267.73;180.01;115.31;34.46;134.36;549.83;578.5;406.52;321.52;185.47;203.06;198.15;226.7;394.38;333.72;247.04
Paderborn;329.51;220.14;446.77;152.12;178.88;328.65;147.86;253.61;92.09;124.12;151.3;353.4;98.88;300.53;141.45;109.67;122.56;37.9;158.93;82.25;302.6;248.97;402.43;186.01;171.2;117.57;213.61;135.7;303.64;306.08;156.09;223.12;201.82;418.8;133.09;271.64;177.66;195.23;346.15;67.36;97.67;302.44;65.15;133.68;303.76;250.22;162.63;141.96;79.09;132.35;258.05;107.61;154.37;205.41;0.0;383.01;379.12;230.25;294.82;159.23;379.21;288.25;314.35;82.35;128.12;264.94;108.25;360.29;202.8;172.08;139.06;215.55;285.12;123.92;150.26;106.81;95.5;118.19;383.85;33.4;263.2;101.7;282.96;277.78;249.4;82.31;315.26;177.48;333.24;344.96;408.07;204.24;135.04;188.14;140.13;126.04;115.13;203.48;240.31;450.33
Regensburg;400.53;525.37;104.88;425.24;275.13;214.99;452.51;259.39;431.01;452.39;507.43;254.85;409.4;88.98;465.38;442.57;431.95;419.65;406.45;455.53;269.68;269.07;113.65;302.69;469.91;452.21;473.3;378.62;605.93;210.11;470.1;276.31;347.11;333.4;463.38;548.34;232.2;298.83;564.76;316.57;421.21;372.22;424.19;458.32;381.59;270.36;533.33;427.49;462.07;431.42;252.76;445.84;456.32;267.11;383.01;0.0;56.52;177.88;95.84;390.22;169.4;211.02;249.12;321.12;461.43;403.86;452.29;220.18;559.54;357.29;418.0;215.92;101.73;424.87;474.37;357.64;380.64;370.42;343.54;415.79;319.56;432.4;191.69;516.25;207.24;408.59;212.85;260.13;206.54;667.92;592.71;572.0;425.66;448.77;451.98;442.92;461.22;485.24;314.26;262.44
Ingolstadt;440.04;541.29;71.15;400.85;248.38;164.37;430.53;294.0;415.78;434.01;513.53;303.11;418.76;80.36;445.54;425.57;412.14;416.76;380.28;445.73;222.56;229.79;58.72;272.69;445.98;434.88;443.76;394.59;624.39;253.09;448.44;306.06;373.22;278.04;444.68;569.3;248.29;267.44;594.04;315.37;404.38;327.28;412.82;439.01;419.24;230.84;536.03;404.64;457.78;410.16;212.48;429.49;433.69;235.72;379.12;56.52;0.0;156.18;85.18;409.04;113.32;167.04;200.4;326.74;443.34;364.24;436.53;166.1;566.5;328.35;395.04;240.53;96.35;404.42;454.06;338.32;390.81;384.08;391.37;410.66;277.91;415.77;230.24;541.41;239.37;393.31;164.17;235.49;155.33;683.81;626.81;576.08;439.1;420.89;431.1;423.42;445.34;503.2;346.47;206.14
